"","Jaartal","jong_volwassenen_20_tot_45_jaar","Woningvoorraad_1_januari","Nieuwbouw"
"1",2005,5776,6858719,67016
"2",2006,5705,6912405,72382
"3",2007,5629,6967046,80193
"4",2008,5570,7043212,78882
"5",2009,5529,7104518,82932
"6",2010,5490,7172436,55999
"7",2011,5459,7217803,57703
"8",2012,5430,7386743,48668
"9",2013,5391,7449298,49311
"10",2014,5350,7535315,45170
"11",2015,5311,7587964,48381
"12",2016,5284,7641323,54849
"13",2017,5281,7686178,62982
"14",2018,5291,7740984,66585
"15",2019,5335,7814911,71548
